111111111111111111111111111111111111111111111111111111111111111111111111111111111111111111111111111111
110000000111000011100011000000011111100000001111000000111000000001110000001111111110000000011100000011
110000000111000011100011000000000111100000001110000000011000000001100000000111001110000000011000000001
111100011111000001100011000111100011111000111110001111111000111111100011111111001110001111111111110001
111100011111001000100011000111110001111000111110001111111000111111100011111111111110001111111111110001
111100011111001100000011000111110001111000111110001111111000000011100000001111111110000000111100000011
111100011111001110000011000111110001111000111110001111111000000011100000000011111111000000011100000011
111100011111001111000011000111110001111000111110001111111000111111100011100011001111111100011111110001
111100011111001111100011000111100011111000111110001111111000111111100011100011001111111100011111110001
110000000111001111100011000000000111100000001110000000011000000001100000000111111110000000011000000001
110000000111001111100011000000011111100000001111000000111000000001110000001111111110000000111100000011
111111111111111111111111111111111111111111111111111111111111111111111111111111111111111111111111111111
